1
3
2
3
2
3
2
3
2
3
2
3
2
3
2
3
2
3
2
3
2
3
2
3
2
3
2
3
2
3
2
3
2
3
2
3
2
3
2
3
2
3
2
3
2
3
2
3
2
3
2
3
2
3
2
3
2
3
2
3
2
3
2
3
2
3
2
3
2
3
2
3
2
3
2
3
2
3
2
3
2
3
2
3
2
3
2
3
2
3
2
3
2
3
2
3
2
3
2
3
2
3
2
3
2
3
2
3
2
3
2
3
2
3
2
3
2
3
2
3
2
3
2
3
2
3
2
3
2
3
2
3
2
3
2
3
2
3
2
3
2
3
2
3
2
3
2
3
2
3
2
3
2
3
2
3
2
3
2
3
2
3
2
3
2
3
2
3
2
3
2
3
2
3
2
3
2
3
2
3
2
3
2
3
2
3
2
3
2
3
2
3
2
3
2
3
2
3
2
3
2
3
2
3
2
3
2
3
2
3
2
3
2
3
2
3
2
3
2
3
2
3
268435442
267386883
50
267386883
-1879057678
264241155
-2147483534
-1881145341
-1879080958
3
1778
264241155
-1879106318
264241155
-2147454734
-1881145341
-1879211518
3
268109570
3
196850
264241155
-1879969790
3
-2146416654
-1912602621
-2142074894
-1912602621
8478722
3
12665842
251658243
4210690
3
-1108383065
-312770973
-1193166849
2004452091
2000281557
-319905810
1373826463
1596912511
936900296
-247539265
-494977609
-1254119113
-572051521
-272904385
-688422929
-633606435
2063432172
788368744
1519908346
-1652068513
1876744765
-423822856
1876290281
1468347273
-551817286
-323038334
-1159803975
-138942331
-338722889
-1276380342
-1900021381
-306987860
-1208222548
-1493714955
-1075978951
1518270255
-1483800709
-24166569
-1695289881
-587235374
-881673841
-683671725
385875797
1557910893
1844149179
-319956171
1925177581
-17483025
-37950481
-1805063
1726726143
1827845373
-1112049836
-8438790
-1342202947
1207690600
-807407752
-606360215
1772336121
1538258300
-810582721
-1778393477
1809767605
-1279263459
-81237025
-308572386
2078846207
-1379943586
1002434034
1744540914
-1090531692
-294330671
1053519548
671009980
-170541700
-411042695
-210440321
1005993974
-1923412200
1870313675
1590685511
1540881657
-1161199779
1587506665
-672310057
-68190918
-474136581
-268439771
-163608739
729808183
-562760482
-9069209
1946068987
-9458773
-690020754
531025399
379555359
-271320649
-910361674
936694730
-688914945
-545521685
780136159
-956433329
2143264159
-273193089
-195166727
-725483650
2078211325
-33588591
2067638235
-318554625
695983784
-525385895
-421679943
1555734460
1778343045
-604104755
1590901159
2011561470
-78774369
-5726546
-39460325
-118007463
-806953491
1068313571
2119131100
-858260739
-340574979
-844637889
1013934839
1564895711
24950002
-814091529
2094918391
-354512929
1601436891
-2270209
-272762393
1434443687
1592884401
-186696082
-303652211
1314369764
1996319873
2113499565
-27490211
1289594590
951418742
911867223
1450046805
-303713562
-1460079369
-168953102
-303564164
-1136012257
-79695481
-568332105
-13124162
-39338691
-116135177
975962111
-134373388
-1107837953
-1092890645
-1152206852
-70310168
-219548293
-550573553
-1442846786
1067540157
-171652425
-1375750021
-55922721
-1411426341
-1249917382
-278196241
1062492667
-383854345
-8590603
-2020542821
-62801226
-104990595
-2076377873
1547401586
-1612318098
-151355793
502525933
-7733509
680261631
-357192643
-100746625
-44066081
2145183981
2071833917
-1688228131
-285352385
-1140067730
2044103901
-1613336861
-2916762
2078801589
2112486459
-1390437571
-931823726
-41689534
1640890063
-144087074
-1574183445
-134526469
-1091077547
-105065489
-109873698
-1811978820
-985954017
-290525389
-220533002
-759206157
2087672878
1237162831
334872553
830389614
-384061833
-1388749882
1213557229
-68008010
-42154748
-1080680024
-1259149595
-555933764
-1091314183
-1248700062
-166019464
-39874649
-120740429
430496219
-152064001
-1896183043
1604444158
-543568002
1861943135
-480247838
-1441793
-337683731
2113191414
-1148355677
-781654807
-1007494789
351751408
-1809097001
1836953903
-809190417
-428429393
-88629891
393584629
1843273663
1390935798
871157231
1037500211
-68436043
1186656939
1051400143
-407831204
-86649248
-6315009
1658302103
1563262493
-831138218
-925287523
-419982346
-1090717630
-202647089
-1700802853
251624494
-2254643
-977275905
-30544954
901556474
1566031526
-22094025
2109561343
1654418237
-537539622
468547709
-1778385226
-350882956
-5472274
-476450306
-84037667
2121850875
-1428665862
-1083397
-763912977
-487868702
-42057832
-42357408
-520925389
-680140130
1020241899
-1141083141
1589099642
-1531005057
1923049569
1940712187
1810890746
702399358
-543035519
2100390205
904182746
770179043
-17391986
-3639361
-875582044
-475434550
-28377089
1851280335
-1478565973
-1159826978
1048616899
-710036225
1744211679
-1144141864
-113910833
1876328150
1205534783
-287835203
-134750772
-1082762331
848199259
1185939155
1153957733
1534914511
-8410661
-84848066
1014878179
-104072534
-538169417
770523069
1332680693
1514060663
1458257906
-939936009
-1728350509
-1421911579
311425589
2077093611
-337908865
-1879129608
1962867388
1070329706
-51380305
-1053180698
-36260107
-195297439
-814262153
-390633602
1877310941
-1157005505
-1209813675
-1354387545
-1161253277
-588693793
2147179102
-429965821
1027460856
1572476734
979194854
-1241544058
-60391876
-151816306
-37879858
-23601298
1840708966
-1099714145
-1107331385
-170007109
-810159497
-1620197701
-1343193363
-591729794
-610534530
-806134561
-545821859
-305144165
-1557178234
64470511
1676008312
-2090021827
-758318380
772669293
1400324860
2070872037
1843224735
-285786241
-339808771
1330540467
-1138844047
-537285012
-100665351
-941091335
117178335
1961701119
-10487811
1803534318
-1929737737
-356536065
1572330494
1547161062
2094256549
-202117180
1993731031
-305164658
-2054244156
1976170275
-38544656
-183846405
-941105859
1874784613
-537395350
2120473724
-22055176
-956427398
-207757882
1866319278
1122606903
-1008751996
-171123149
-2124495121
-374453761
-487063558
-101585449
-543703073
-1652688658
2010864510
-119013793
-646517082
-253283394
1677124862
-100770194
2113779149
1469238052
-1706070209
-346030886
1591704042
1035958712
1945283549
-365171521
-1416107270
-893624531
-402862614
-36885
-59377874
1450688435
-173182468
-169058445
2142719999
-1296672329
-489762498
295417466
1272801196
-977331725
2146893567
2129721967
1492876926
-1622249797
1809317215
1332379383
1742598132
-52166709
805175282
-1138297
-692275338
126555903
-336604497
-43254289
-1278214532
1000693731
-624575081
-386689546
-100667405
-269042497
-18882637
-1452022086
1808919455
-1031602721
-766351394
-1946174792
2146154486
401567230
-856762625
2123251567
-807516674
530165817
1014478953
1699326943
-57151529
-170132098
-268436549
-1295339577
2063026990
1826013107
-153322268
-487199759
2079178331
2136843022
-33628198
-671850741
-223453254
-1335019794
-17516745
1072420119
-1879593729
-33570
-135048145
-1107432553
-1260801241
467387389
1337686519
-611132619
-84354085
-136580225
506777182
980472550
1962178166
519345855
-70288161
-1145203851
-335937761
-274157747
-408066122
1559185918
515108842
-1712851725
1576957938
1200549735
1733664695
2100805428
-1059331
-1114669633
-1263941971
-236455441
2012723596
-613034146
-134974500
-185863169
-1548775445
-15826953
-486686283
1552952509
519935741
-1629061650
-310419587
2036203119
-1476953154
-1362649040
-353884177
-1220711181
861190975
2087835036
-1124305114
-1288223155
-136839505
-1325662212
-419777030
-1126275108
-1434665123
117440415
-145229826
-394274379
-6443619
-952617505
-8520778
1857715951
-97261136
-1229071537
-1263616546
1527204755
-878732872
1098299229
-1242210817
-1747484939
2000535019
1266662279
-138160211
-1243402383
2121945559
-134755269
-1344347097
-1107857975
-420632724
-417581082
-33563809
-806420519
-10997905
1006567379
-419500310
-2949250
-1157629513
-2036720177
-218110082
182412222
-846338241
1055305723
802119370
-862576201
-1691555865
-955018755
1559739602
-686367493
-145871673
852599381
64891765
2085071607
-1208498489
1398685631
239020006
1906248571
1677589883
-1711703927
-374367493
-1821005837
-255857109
-676419713
1072002559
-342425857
-805405702
-1413576133
-939537570
-618662726
2145904511
-607552159
264158713
-1412958553
-496253281
-9534419
1195994469
-834896748
1304335785
-10600709
-1362608175
2045738985
-1120134521
2060249983
-1363814067
-470297106
-1343507081
-51544145
1458568063
-499472489
920566515
-1174422243
502762747
-612143463
-2842794
-949818827
-1120810299
-1465286694
-26878119
-1678349985
2110886235
-100926571
1396208575
-673711492
-579618990
-447168533
-942096678
721104895
2071644265
1340930493
1697644453
1816256255
-601977133
-205820519
783702947
-788799878
-1464936066
-764611750
-93111362
-1879048721
-291556118
-1494516847
-547179412
-1512216853
-272847320
-171975685
-1653694983
-22560833
-8782596
-1107879979
1072121791
-1612218497
-1105211917
-539819040
-146976877
213155571
-213328627
-1560289318
-573358217
1696001006
-1082164229
-555809156
-1091745969
-1150329905
-1703544965
-1673310221
-807430147
-285481506
-1075153409
-5134800
2037120750
-172525761
535984063
2112342263
-273829986
380235759
-554696809
1463076734
1810882559
-919343247
-626794498
-176709761
-648070665
-70391449
-277939720
-268837889
-1637648129
1873564285
705472510
-566191466
-209731798
-65077452
1862205438
-841063553
1828065251
-134357825
-36893
1071635371
837400992
-29840641
632069036
-85344868
2130243504
1583083057
-1621377081
-411043844
2110684415
-1956014412
1941946217
703322770
1603904251
1035024630
-1442859345
279823576
-1645330490
-155241283
-96542979
-608425081
-9101
1866331038
465759739
-270533303
-1463834178
-1192035489
-1750206660
-206651439
-1082241043
-1791758402
-1451454484
139718260
-1382601581
-1881413652
-194734
-140098585
1976560082
184346621
-826278068
-637603330
1963899391
492959487
-93997826
-1924425533
-276890593
-36737610
2130523957
-1763184049
-10399005
-436649611
2048636343
-809895963
1479045084
-18384369
-81473555
627768295
-506462923
-2097152897
-165743043
-543768713
1176497064
-1518703827
-205636673
-1157775362
93306873
2088232303
1964985788
-1077953798
2006163191
-97001420
-16339256
-1096810787
-1377304711
526374655
-1818230857
-445121659
1521890239
422284159
-1682987653
1787794703
1290728205
1586290686
-169019813
-876744261
-405542705
-138010767
815775223
2138007695
796031977
1789471996
1271449517
-207842567
-1485311750
1987692341
2147481828
-720569425
-243869957
-772021127
1409023982
1856998363
-176162858
565601687
1473960643
-1086327439
-275811361
1155344767
-159896243
-42005299
-1412300843
931041206
-1497519051
-1288134799
217673590
-915997817
-1615692291
1556608603
-1476733281
-17848865
603659746
-17086347
-1615693895
-545789777
-285214217
198964855
-604145939
1761242608
-429806082
-345354256
-824713675
-1101713412
-172081206
1931177301
-140787745
-1267319949
-646079164
-767559761
-67524737
-539052185
-822476837
1811602815
1172232681
1918360671
-320765983
-1095240682
519687281
-555159810
-460735031
-1368470673
2107927534
1467856883
-734826774
-205688362
-419465387
-316810451
-1510550129
-9240665
1866259229
-130058632
-1383402596
-488702755
-374149122
2061565127
-730564823
-1687748834
-553830545
1464835065
-8937773
1814690356
-1266885021
-269423409
-562164114
-386506248
696732670
1839196740
1927635327
-103231505
-710355986
-277086721
-1904940388
1518336672
-1078075561
-889741903
-609178852
2146022397
-1720779127
-1073856517
-1275190275
56914941
-50334375
2109634251
1532342253
-772047470
-420024385
-718571782
1973334646
1470360365
-1461458113
-404232714
-672010526
-319951905
-1410139178
-1690985141
2147195855
-18487827
-1147745649
-494928395
-1065779
1877933422
-1781245201
-1572870657
938309631
-1074668417
2093956859
-2088850759
1857838954
1069464703
-327172401
-1950351745
-1401249014
-47979009
-1264521263
919809461
-29380621
-55001772
-1161828744
-70074395
1811471293
-1142566148
1574399431
-562565257
-805962691
-1174687913
-1980526878
-641763822
-428876203
-210572617
2111218330
-407948036
-221267465
2074490799
-69141073
-1763968130
1036938410
1945759420
-1083246510
-685252777
1384093454
-1297199154
-302219556
58718918
-849481958
-1079936792
-1075884076
-136671490
2129643211
1182480989
-1342212629
2147139499
1777778583
-134430753
-590766225
2071002788
2142420670
-117854313
-51201738
1328790777
-1645482573
922007487
-487754969
-414451394
1537189973
-277797010
1788149183
-63645863
-456856961
-2998328
923901669
1609840558
-39193682
-1076708489
-34637858
-149651680
-843579783
-1978665355
-205867041
-1749605363
1319058822
-622285433
-1910047616
-469832401
-169307120
1255971684
652900205
-474256772
1358931959
-1192250761
-33973529
1543139833
-944350209
-287491404
-1622302863
-546349837
2088417763
-19968187
-1251480953
2147220243
979285723
-416550755
1101672247
1836055481
2038427065
803952823
1843329847
-512668941
-1436624915
1302110207
1342085951
-415306802
-28512534
-1829460825
-302219555
499085055
701803379
1070590483
-1812206191
-345264146
-589046353
2110577405
747892709
153742829
-1174870035
-1646597073
1189271539
-802426114
1496710131
1690287097
399959149
-538321963
-556026788
-151218319
-9962754
1156052575
-398676456
-121244443
-139466903
1609930634
-471861281
853305205
-2081033013
-1745777932
-707004801
-1811952008
-696078665
-1109570206
-33670709
-62178617
-85274757
1039989213
1054784363
-1262609429
-1532047649
-579642498
-1703502361
-536953761
-625174628
400548878
-1092946795
1605859087
2075547579
1063241188
-559284542
1232840703
-1929645390
-1442864247
-1125271556
-1263211209
-773327541
1291647678
1981795988
-556607859
-893396686
-33567491
-853018296
-684632794
-1082789381
981990491
-3410529
-1244005037
2008525906
-473993235
-1929122817
-38798849
-129020499
1331355644
-572796732
1607066870
-388054273
-694188068
-331612753
-537083909
1002372269
-231080328
-1219913350
1796733023
-11636751
-946514261
-1642152389
529874141
-589326363
-617222869
1991552746
-855638085
-561062138
-105033847
-184726545
1660923901
-1158841603
1948720931
-819038585
-490864678
-506206214
-272662561
-12702753
-823756877
2146834430
1738407863
-1360167203
-1549344043
2135788149
-1154155141
1654996340
-1162891382
-1166105794
1891162614
1694453695
-134283669
-1781581606
-625050821
-1630414443
-1112729000
-539132587
-1448096453
-344379591
-142838801
-808102689
-809374054
-2629681
2078637998
-191922828
-101188267
1244001605
-1409840682
-479483445
-320890466
1064070085
1401974509
1068431262
-1697169474
-1008664717
1304857503
242085087
-1096220676
-1386611079
1502855097
-839516967
-1510351173
-743871636
-1125190325
-19158023
1874446505
-898783299
-102269390
-89227434
-115359865
1485437917
-1078125103
1539503427
-48116812
-288481281
1681810551
-1912668949
-138685265
1592702910
-32134157
518203378
-1866539680
-369955661
503314924
-117819506
-549249029
-1491399209
1877520262
-612946708
-20709514
-253761793
-1083244561
-33833177
-839910916
1332559742
-1898229025
1202537343
-9306338
-1908208357
-1309328087
-1097779545
2129615333
-17211906
1508405499
-102089544
-1191248133
-17854209
-1119461391
514402303
-272368187
-149179249
1915726292
-1720492273
-326508788
-560605346
-813727810
-1309808203
759916386
-75518129
-151257568
-1747443881
972933848
-146846825
-290255001
-1082149141
1847914111
-1150320705
-1950700643
-873484837
530509720
-1384120522
-10577411
2130350076
1070987389
-655892514
-1244037609
-1035095259
-638992391
1038490714
-1746006084
2104420607
1826478591
-1127396257
1975442777
-344661569
-1526842389
-337775617
-1628997636
1608989670
-136334113
908940671
-1882538291
-540049415
-218890505
1464743549
2013724670
-346439698
-202380035
-74449009
-23274495
744980021
-151077650
855563183
-270743236
-1352910153
-621217331
-549914501
-369104905
1879018989
-539337479
-218891394
-272732164
-1611767873
-144720408
-1295033998
-604312337
-1232109743
-538517660
1229314044
-1252234561
1995849498
-2002927906
973077938
2124934255
2127425445
-312247107
-269102803
-707641589
-679568033
985512829
-1762267976
1464770806
-310531721
-1569206301
-2127167645
-1231264046
-1501630505
-1360027329
2128460892
-92024258
-897665185
-354001409
701626995
-1256727350
-676618245
-52502952
970454967
-201867393
-1077510401
-320885073
-36069634
-841558537
-480385361
-150348329
-125838338
-1644101636
-1754972433
-83313841
-281234946
1995964267
1582757342
-25612962
-1016074389
2079928763
-1879199873
1725718946
-56748835
-948963330
-700780881
-604310049
1136629629
1534508989
1962882917
-203966505
-393738
1799827967
-38458705
526315307
-1093016753
635297663
-385885029
-2051147305
-594089551
-612436363
-612776142
-738895113
-621461125
121302765
-48742531
2143285727
1002400767
922221497
-1757550692
-64003501
-93460841
762232669
-14821761
325051646
-1577455393
-84954355
1728198047
-1370784345
-1076498777
-575193217
-35857281
1793586677
-772320257
466391780
913300201
443545463
-185618465
-1476399858
1264579437
-319095953
129944862
-206372942
1232035191
2045984249
1526135181
-1125223236
-140855377
871692071
-847926440
-33580034
-72061970
-840962505
-946415041
-315392678
-822747216
1006496734
1543071701
-1249910049
-106205876
-738739457
-136448590
-1959789220
-1612526485
-34660369
1062420094
2109538105
-543902431
-15802395
-939823289
1322184188
-102833509
1037948702
-49155
2094778215
-82530945
-1883312235
532614389
-1426256909
-1624133819
2122168295
-387616401
1801452909
-152437137
760999204
1056333759
-84847259
-1801551923
-76812707
-101253908
-1209160771
1446535004
-848359433
393725947
-282527029
2057038139
-60703462
2102963538
-176161670
-453512919
-1237459599
1174109934
-572663555
-1781870951
-413896737
-341838119
1467952123
-740788302
-8526484
32962279
-558930369
-1292370009
-889332378
-537600329
1608833149
-1086390274
2071067827
-336070150
-1130105927
-38278790
-1108406281
1807732479
-290526827
-67175083
1272298077
-1347066051
-631341585
-1420297474
-1823387657
1291329181
-16822454
2108260350
-71364611
-269845508
-713625222
1249881789
-1108693384
-2360250
-541610275
2130177535
-1653383589
-286143258
-1101284433
-1677869666
201288816
1065299191
1000075566
-180568174
-1682244853
-39011461
-426283337
-124194825
1431977343
-6192916
-2059961522
-403907142
1974807412
-272402603
1711110097
2112800236
798480603
880793043
1319013116
-1401511457
-1228431493
1032296693
-445777283
-606929035
1876886589
2126347733
1467085081
448134503
-1797468433
-440377551
-287523937
-1163302572
1022842462
-94898473
1868099976
-55247002
2133126001
1054857159
-579719762
1875918713
-105331203
-550328490
1869572479
-16781187
-739682809
-935788546
1071641983
-75773954
797179550
-33624078
885561277
2101783542
-470286435
-801134609
2111692778
-1614549157
-1073816081
-135108763
-52431373
-339752999
2043010932
903240182
745258812
-74481738
-487937319
-437125153
1844809535
-1312882741
-1133007803
465566669
-330039941
-1970343069
-1678922888
-184723923
-387127050
-17374579
-1147207713
1840578451
2147479535
-805479554
-386027601
-133714245
1228533439
-1091152033
-271073345
916119290
1741317887
-1918927621
-1212178446
-1149832274
259244027
-650774419
-1296639057
-1984954981
-757679460
-51380436
-159924327
-645071370
-1137714889
-1275237253
510392702
1046854779
-50334020
-319054323
-553748098
-579901570
-33664641
-344482562
-2066752538
-1779704335
574532269
-1359410727
-1096897415
-437481029
-1611663713
-587776049
-355316129
1860171892
-96797649
1070528022
-289408269
1539301101
524132255
1589554991
-96587818
-878727177
-539045637
-1528824066
-31873
-1186210961
-1854673828
-537116865
-153096193
-638587426
384102396
-202454289
-413990963
-545406977
-805442132
-6957621
1577005464
-689574497
712702076
-279773261
-100664849
-69288970
-1170876561
1902491580
-19007641
-457430855
-897648675
-198577251
-859053601
2078138303
-21371990
2138534903
-6297685
-671091717
1609760099
2048570616
-141825123
186638198
-1149444651
1425980913
2009034261
-1882228838
2056974334
-642951428
-454432850
-1109717250
-555778064
-337907881
-1077322754
-1218725953
-1385759353
1806743928
-354175065
-8810665
-97860820
-566364230
1871052213
-579685673
-1555055249
-2054423457
-193133571
2143223706
-72155742
-1338778818
-1694732834
-520493186
-151069409
1115288752
-100999716
-22331521
-36839490
-402657355
-16847890
-163579861
-1256727556
-154194411
-45498931
-302123681
-1250001439
-1076308630
-441523213
-404801283
-257074327
400208763
1064806360
1608503509
1698228351
2111805362
1879047801
2026475636
-1558250595
929970495
-1897137541
-360849449
-341011
-672399749
-275326089
-189080667
-203497633
-134463581
-1182799553
1971322043
-854611529
-248777218
1071447279
-357056520
-957300803
-319949009
-34371346
-142630785
-1100751489
-1721245827
-921454273
-682059376
-480853
-878285100
2093604859
-25175749
-134251297
-320010806
-11118069
-1163953349
1813894857
-620946433
1115618939
-1090703370
-165287010
-1202860625
798620409
-6334557
-1453609097
-1543772547
-624017441
-345115347
1467574884
95927210
-321425537
-657417
-658175108
-281673551
-25299759
-1821901105
-612893112
-716219788
-215749641
-949099081
-733134908
-1090175609
-88217573
2007213945
-1090854963
-1095239089
2147377126
2107636903
-714419464
-2056534243
-192687461
-33889
564130863
2004794237
-331884007
-809933441
-1210712427
-1165068980
-353047113
-838045851
-69304579
1677636893
-1396872745
-1956982885
-1086399365
-170053825
-1544177693
-1431336387
-458425955
-337667598
-159455635
-318899075
1547493365
-924487683
-340107
724759993
-100799749
-243282563
2129590446
-623949993
-5014011
-1073759122
-838866777
-135274829
-1226116178
-946602049
2079324818
-373448721
-566755363
-412239409
-129026555
-73073289
-641368129
1832882751
-552259633
-294684815
1465530295
2146528823
-376455689
-1050718470
-353920923
-371278049
-1213388569
468694524
-4900398
-1704118289
1977810386
-23608797
-1904500545
-272649633
697591627
2140350431
1713852354
1282266619
1673736159
124823031
-1085867315
2063693787
-546747947
-293315623
1708125673
-509837697
-335742469
2092821885
-4787474
-680562946
2132246460
-76058833
-268747778
2093702723
2136533375
1516730013
-633779555
-113494548
-350492881
-561585993
754757871
-390273296
-1482459555
-1841856783
-350245897
-285546567
1040037166
-73404679
1803006718
-293749833
-1694590465
771734258
1526087407
-35146261
1174266671
1710743532
-4981067
-626966531
1125595477
-1321863687
904781682
-547488838
1464687262
-1277690910
-875057514
-424224237
1228886797
1204625800
-8491009
800947002
-1159825705
1559789534
1377828463
-437846665
-4718657
-11016211
-1277232914
-37098754
1604206334
1268694782
1676503921
625728500
-118292739
-140349827
-1346898459
-1690512580
-154246445
1946008843
-262078913
2103983798
-736182543
-1905969422
-1354891411
-19714184
-421664471
-277340549
-51086714
-416844931
1408616175
-1352085665
-1461783365
1120836765
1608514522
-33620065
-32805443
2058353958
430554015
-1733644546
-293686731
-120157135
1532358325
651425274
-195590397
696321987
-16274484
-826421768
-1395733793
-1788215535
1731719014
-584207112
-853672087
2052988470
-1689600168
-1116707
-187216148
-402663810
2106932711
-222953578
1878884124
-16982177
-182005097
-1203122210
-1798963265
-1428569665
1542319959
1606803453
-444647689
238725629
1792994431
1946156767
-1156638029
956137676
-24786515
-78708743
-1478626375
2128971060
-1208091707
-16829641
-1243752267
-1073827907
-209522705
1916744640
-1480197425
-1885603734
-1826656903
192886635
-549684843
1433066205
-394790275
-59057569
2119007229
1736289719
-1358987341
-714220139
2020567543
-100679689
444565433
-685816203
-1501715541
-237027649
1915938278
-307370791
601645311
-1568721665
-1696292801
1535096793
-114534921
-914654745
-1639387692
-7885977
-366249222
-344146224
-280190403
1314897405
-857738723
1232990063
-1082919809
222373882
-184649729
-708844034
-209170101
-395872625
264595335
-2105435
1526431589
-286416007
-639781146
721364282
-2036498712
1570733977
2147014354
1576787934
1979055595
1493133759
-1364018145
978840699
1310617791
-21039362
1727962110
-876249700
-304659908
-159756683
-1745228863
-424612353
-1681150801
-437000725
-729170064
1610362358
-1635816531
-1084249425
239852747
1782533371
-7025666
-347086210
-27271315
1777291902
1576346788
2147159791
1874801694
2146643251
-1766999346
-1419247909
-1263024139
1660932085
-479858833
-186848390
-1788194489
-613397573
-59278477
494223327
1165708473
-152090
-142661577
627894641
-877909898
-577193138
-3150145
-1957226065
1675978975
684705551
1764943199
2042282527
2063232252
-123222146
2057305423
-1009818674
-1249968271
-1347492361
-1377993858
-64094314
-226755338
-2101710
-1747460709
-464576559
-1111643546
1596937964
-39321846
-304368170
-455082757
-1075092554
1125970871
-700666445
-218174659
980320125
-340722433
-721753096
-1361913459
2059126687
-329195463
-1236484305
-172753095
699526583
-1623195691
-115475249
1604280703
-272324435
1070562217
-340297947
-1617044738
2136960445
-14759042
-81555465
1018597787
-1712350243
1877651255
-1230373893
-807546241
-1664092233
-313682219
-1619034936
2079639469
-1888883095
-839128365
-590946305
1928324095
-188859146
259225263
-1126748165
1635881879
1767844023
-679577603
-12158987
2041392507
-570458114
-207990417
-33722
-1611171202
-1091344770
-2100029604
-120627479
1239613245
-1535762195
2012970896
-1360019978
2124675453
-725884949
-462772681
1696568361
-161480764
-273838547
-1905287579
2113297759
-270799137
1999081055
-330368007
-44323874
-1279459657
786282728
-1380786741
1926981555
-91543044
-36197197
-1635818274
-2030112948
-293710497
-369459617
268008093
1473621704
-1419971170
-944379905
-40026433
-100831937
-555113813
1992126107
347594748
-1782980865
-1648034392
-117847625
-816074245
784299883
-470254746
-423625937
1505971960
1690270173
-1293812807
-1572474987
-1954563873
-1363167818
-799152424
-102908489
-650199649
-467833446
-348796675
-610453057
-730239531
2104354477
-1091601681
-322126851
1853088696
-145760258
1077115757
-1157910433
-277581825
2079624866
-16924749
-1076106529
1042054820
1532919709
-1342182481
-815846593
-12387593
-16845909
-356396419
-2106656853
-1354891366
1878449729
-845154115
2129985139
1728825151
-977651791
-1630012419
-17875201
-269762987
-92279685
-1345323462
-315786242
2037657598
-194139570
-1278481338
1667224045
-839058121
-10551970
-556061298
1874150655
-1363458326
-1094755524
-658395852
-398475434
-317849833
-1131492468
1822679015
1999172010
-503738509
1738403245
-1100780777
-1879188490
1584189296
-607011085
-499324189
1874841171
990886391
-1339670683
-1145112354
1027537478
1214151129
877917047
-616564296
-945465455
-1716589602
-405931313
2132720727
-602145325
-1581360859
-780166602
-806924819
185547639
-1493729329
993116019
-269768730
-487788554
1593166703
-1376163861
807403370
-609323700
2140899286
-602400260
-395327983
-1346970124
1066662395
-109495528
-732324689
-1208492824
-2233477
-1095708683
2112875510
-3378599
-2383940
-350489099
721079535
-627476630
1895794663
1690129971
2036314319
1734577465
-1342199494
1509875517
627924269
1730662246
491318367
763152630
1692329599
2019767287
1161776482
-370447017
-1728192805
-574756976
446533039
2056551048
730267596
211284915
-1278739457
1794097075
1172487861
-773089549
1035467775
-1677756531
-608298305
-1625349153
2012430697
-1276379701
-73439093
-1231709881
-680461204
-135266767
-1478079650
-881343041
1590967191
-1296238857
1047448095
1609289567
1809334263
-541296690
-75908313
-371798097
1918297018
-8194917
1577049949
1683999259
-1349211714
-134883110
-1082414209
820395901
1876021151
-440748042
1032322911
1978651599
-347497289
-1394347563
-922319013
-931603471
-1013744513
-744966613
2108419117
-1669616675
-125832249
1995936572
-1149396993
1333636084
-538118732
1373598077
1779795889
1744453107
-41954933
703070007
-175241505
-1510016017
-1087590770
246264950
-1832657415
2119515386
-71902177
-136442017
1600051718
-1144556000
-239666064
-39341603
-3680329
-544325217
-1216404008
-1308825922
-312024145
-1392829515
2027912308
1338043623
-67320905
-1162084490
-325695251
-2033779713
-665912986
-814309894
955245023
-1690342166
-252979797
-958505096
-809241451
-1224940805
1333687709
1518496727
381594212
-1648878919
385107798
-543785081
-313925633
-100697108
-1696727389
-304087190
-184854693
-202275729
2076059407
1841889199
-1374880518
-2014037072
1140709091
-591604021
-35788930
853868277
-1144948145
-324117905
360610606
2097113021
-593930082
-811839845
-28381701
-181989460
2127948024
-738992162
-278422277
-668758574
964688701
2142475229
-1345364385
-1143603466
-387121299
1875508855
-584746038
1870147430
-441223201
-373082113
1856285917
-1096503695
1995619596
1744150347
1170074855
2080071583
2101792426
2137317359
2014013334
-1486150473
444452135
1999347135
-729849863
-109065479
2095539999
-7380082
-354521666
-1385443346
1945877622
2122046959
264758773
184711130
1557834847
1033285563
1358035343
-873217234
1815591869
-1102477
-6160471
2134603886
-1355765955
-274276930
-1193874433
-1063305758
-37896912
-134889965
-843748553
1991208501
951684347
-2002061825
-1674381446
-339763205
-107783249
-50618445
-1229063607
-335807073
1450083510
-1692247050
-20459303
-1751059974
925185014
-684202793
1961565951
-1073758341
-1289113733
-1892034562
1859042686
1583294635
-1477053145
2144786841
2109340927
-16982726
-1631961119
711842950
-437590603
-182587480
-39961665
-641737295
-270090433
-1763252354
-396710113
-302530562
-121767553
-422128130
-742974850
2052513503
893122557
1601296206
1899059967
-104071426
-806522434
196101882
-146285603
1910446001
530081788
-1112642177
2076008958
1625209524
-134785153
-859990306
2128270745
-607144995
1585243575
-899188752
2136334327
1030651855
-486754841
1797748183
119496389
1269293006
-1132921633
2113764862
1003164647
-1178403970
-42527097
442228349
-1087903362
-805570049
-1683908174
-372640763
1070913331
-679589601
-184976994
2087580572
-478306841
2108216959
833345002
2111559047
-1099838521
-1511529241
2110942715
368314590
-357043382
-1654432258
973072111
-1158492698
-275267587
-125878722
-1325712711
1736388987
-402653570
-16861441
-146532890
-1662026260
-1695419427
-1359278785
670825320
-843361071
-241337793
366280662
535454943
2113852350
-1351879305
-403341315
694706165
-1077604866
-1800932553
-189881345
-321004066
805271758
1031507702
1879039462
-123789716
-1465945482
2061233899
796720842
-163709637
-279055364
-1961822000
-142697098
-610160741
-21107241
-944527383
-342228997
-1887460370
1060946476
1975214456
1574564777
-26807314
-1705267668
898061717
-212710890
-154781321
2078210910
2126381035
1524610989
-1248250955
486258105
1427439437
81116607
-239358539
1476107229
-353390697
1771552636
1679774447
2008109479
-1041367089
-708868481
-82248844
147811621
2092889669
1371002740
-640669703
2063039203
-1028383699
-1247955843
-106886965
-625832891
-625533013
1398300410
1437858586
-1178473562
-1177177107
1574764521
-482357941
-115945629
-39331881
2009071067
804779961
2112618433
-608195713
-403902993
-1989018222
602796294
-1123829
-1096831218
516664037
652153035
-105388995
431473261
-752829829
934903542
-1152157031
1541842891
989068595
-571027001
-949242197
-1658073592
-163940368
1608501117
-729883393
1658814445
2146857723
-50628626
1945821091
-560255057
1597766630
797913019
-1731827487
-1406468379
-101910835
-1628769300
-35458402
1800942319
-303367138
-2047940867
-756760797
2102884703
-225283813
-559683907
-50491586
-45093041
1570609648
-549421
1979432915
-1111622674
-193071362
-1083411202
1305948156
885981095
-712692214
-187269858
-1504250885
-275146919
-1477265811
-540170559
-329430689
-311744657
-683930515
-580129026
2012625150
-304320634
902429439
746517742
1456108111
1442544915
-107978817
-275794059
1937075166
-1186993033
-200283180
1290230766
-511983874
-2081426561
-178261441
945534837
1932768248
2112709607
-308938461
-8440585
-1815028249
1836438865
-273066625
-18383618
1861929981
-1074793139
-20455585
-1433611153
1996403849
2019474519
186482077
-1728189989
1243270846
1303465618
-858946639
469093471
-214442501
-824254557
1936980831
-71959685
2041131000
661887915
-630037466
-1076366402
-1494236739
-748286127
334902654
1675773911
2011664223
1516662777
-412780611
-671516457
760491407
-1085213005
-285737797
-209854609
-357577733
-1112548050
1547561207
1592587897
-364926979
-1073950732
-1115480077
-640540675
-1612203329
-386827287
2075839117
501082595
-2203708
-138413041
-1145573309
-106530973
-151570092
-1102073723
-299374538
-1359680516
-1259595271
2146336250
-430576145
-169099531
-268522241
-34494215
869922346
894301503
-117567789
-1386742414
2139086811
-43012183
67043292
-43655169
-1209995341
-25460993
-272794193
-4327561
2143288407
-571883809
1541216826
2120592894
1272648607
-1645275169
1300200950
1702755642
20925533
1329119209
-493376802
1065207534
2088879545
-43614595
-1074316929
-308342499
-673944317
-414082745
1508790207
-609248280
-621701187
1403190937
-301547777
-558630537
-1816232718
1421593843
353317794
1542477675
-581963810
-571310642
-579126095
1450908529
-1657024820
1604443607
-671286543
511542763
1840216543
1029570230
778171965
2136990265
-65086661
2142219708
2091757043
-1146237569
-612548963
-1132790097
-754984004
1429198819
1862187807
1390869756
-1161956354
-1033964673
954239085
-170227857
2077861746
-1106804998
-1111581187
2073898198
-1210065541
-276875521
1732242302
1786331135
-1444055201
-12725507
2095531190
-21256873
-234187
-1173521591
-976488083
-1377336785
-706876186
-168362601
-723978788
-481314924
-834163221
-44337673
2109732023
1996979783
-1631621361
-1625705053
1991237367
-672935553
1558093311
-647513281
-541884997
1240178399
1610612527
-12588822
-167772209
-539268633
-12748909
-1610909300
-295372813
-1613779685
-504566859
-16845905
-553845801
-541270450
872240702
-1797392181
429820496
2039742286
-165642761
2142690517
2143282074
-872939532
-1091999957
1269946119
-1129595650
-414347268
-1411386385
-1212721
1012706813
2122103295
-88114433
-1126302981
-674270727
-1227195151
-474220566
-808161283
-542257246
2142107620
-769690927
-576987426
-1407213185
1904024683
-303085843
-918612231
402092497
-816419914
761245405
759025615
-669912196
-1405243395
-1286351241
-57255081
-2037797145
2141081077
-33705089
2063592379
937097210
1792531981
-1631589431
-22062671
2133771735
-54603804
805042647
1820262295
1325302682
-545523713
-574948193
-50331981
299629513
1542417329
-76317507
-1477348683
267122936
-1237909825
-1656826117
-35652627
1073718271
-337414497
398391741
-144971354
-105455687
-37820706
-681920045
-672271038
-1713921154
2011494371
-541102607
-1637972573
754578729
-1654150097
-1435049468
-271192321
-120886836
1174894399
257553216
-946149003
-1607020642
536311374
-572539698
-177227671
-838914181
-94627945
-36053257
-512910601
-71847045
-34101411
-70796530
1064580447
-8426546
1809661663
-130368681
-797011245
-1276723805
-303639078
983203133
1541733212
798760111
-1233540457
1964096501
-1447185541
232198997
-202424711
1607418715
-878977667
-1286224389
-1497385577
-1623485809
-843597219
-55915851
-1386368269
-805845525
597677527
-1124172056
1857567741
-674512923
-612960277
-1440928035
964653047
-545622440
-88115544
-1654657865
891115254
2003558007
-572088473
-1363681579
50068991
-1440926851
779468722
-1583303074
-260063794
1463671743
-855847514
1987313018
1651341284
2092678842
-82098561
-1078075457
1877671925
2131746255
-142922843
1470227325
-681847564
-1256816657
1744305648
-1174423716
1873212765
-1646948724
1071349754
-1202786569
-1192241941
-346343311
2101861309
-18645825
-256901429
804667133
769609578
-1108447497
-223707138
-126656594
-1187554309
-567061539
-171714613
1711001034
-588275842
2127423449
1073206764
-41958280
-1682441781
-1829397142
1055014622
2036325103
-882254633
-571648592
-1091523143
-36506435
735813360
-602280778
-428630021
854554971
-179571331
1911945684
-92423177
-1201951171
-1094993167
-1412641
-1405150981
-1677806019
1932245468
-817510422
-877034005
-258541779
-1109713522
-1648403121
-1750368417
-319818297
-48847057
-1627621479
-4326689
-1376554828
-1149419609
-188788771
745139756
-174763545
1824119103
2143280124
-156500481
-143426113
-1099038753
-335710919
-1174794249
-43024389
-548212865
-49555805
-106013697
1417405751
-1667037984
-470160391
914182507
1072015072
530695959
-809504870
-734628625
-1344020513
-810427457
1828706523
-1151467665
-403853478
-360714509
-13443247
989593567
-788882712
-648259137
-1342186114
1644144115
1436335479
931028987
-270881803
952893374
838728611
600486186
-1836062053
-298666037
-288261123
-21139843
-33838102
-922845197
1500599668
-36326008
-1644303753
1572431543
513266366
-410255430
918470303
1163277171
1581225463
2143149438
-272761187
902620031
-1292542257
-1150519397
-3680028
-605177866
-59794859
-1154099417
2099879015
1919655791
-571745584
-1107356694
591388602
-1751286189
729652183
-1342773513
-739249933
-654408352
385540886
-1555047605
-1453369903
104854863
699916505
1647815623
2143591486
-373388052
1925413171
-1210975831
-416055837
-1482207385
-34050611
-1052724
-276828180
1872493735
1442011081
1568100315
-72489114
-92275913
-885364745
-1481184591
2143185915
-273817633
1308011447
551352685
-898303971
-1378113883
-643144713
1046404519
2134323069
-308413454
-440547027
-159698001
-304341892
2142779391
1219099902
2077883325
1308488621
-1646398736
1057872244
-602513421
-170206543
-1611008017
-1421611649
1862200983
2088736760
-604004443
-701270099
-693225729
-573776549
1834938491
-17581963
-402946089
-1410413875
-73567111
-281092947
1793474287
2045975290
2111969901
2138003325
620232669
1051702207
-807880961
-1145575078
1440008059
1608508863
-681904145
-558383251
2126507833
1316454398
1417633501
1172532699
-844145201
-805571123
1542314933
1968634501
1877082110
-1073743239
-177112559
920909087
620453731
-67576161
-638911589
1586920290
-169625613
1990190428
-337773227
-503729281
-1109570
-102110371
1931269725
-413340483
-321264729
1592576575
993331396
-400753547
-1610801161
2077909739
-1787826513
1509809143
-481638187
-1080254675
748484607
-1400912164
-126681897
1567405821
-1197532314
-1426174471
-1494282246
1303605063
-1449450945
1572618901
-1650742296
-35240869
-203485710
-1343033601
-839713362
1834147515
-1612896297
-113508745
-1409517768
1575877277
-173211875
-239206433
-1239416994
-125980425
-272942913
-1086597169
-743238096
-122686369
-123752961
2080300919
1592252150
1052633197
-1132479565
794621576
-625135398
1316334079
-6573804
-75309105
-768105601
-1181451694
-69864609
1051562911
893380591
-102118417
-172716853
1074476462
2140402047
-771819523
-285681684
1789654057
-1129367137
-1823568035
-353403235
790166923
-9882050
-1747527172
1840749042
-848892114
-834802818
-504742030
988636455
2088008917
-1086394627
-425744899
-1210320899
1733222718
2128952303
1449583494
-1828260230
-2917491
2138927103
2007299578
-634062945
1055909878
643055507
969268735
982974459
1535056479
-1159848977
448083678
-739972145
1869032187
-409963875
-16908314
-143803101
2135918287
-845177555
-1625293185
-60152770
-570570787
-419709260
1834942938
1010560375
-2118780930
-1917073537
-110572309
750772172
518782049
1034891239
-1007179267
-396408153
-1463058437
-1562919953
-1443435487
1575468981
2071723246
-134022433
-206179756
-14819629
-222592235
-1168255093
-1165668611
-497170658
1271656182
-1096290313
-12587683
393673657
-90852168
-594190408
55958453
-1223313773
-620759200
1962276838
-437294552
2071968703
-207753297
-18090817
-1098955289
-373031501
-887686913
-540091294
-808010364
-428876661
2143141551
-1540367365
-638063553
-1468289873
-618824903
-570958882
1137463231
-1193415451
-594935873
-113336329
-829015562
-832708881
266024829
-1091731847
1681619935
-194651171
-546388633
-1628456969
-367821221
2138439662
-4460624
-1371794437
899459128
-278811869
-815879193
1860012494
-304382081
-1352558358
2112543605
-294363418
1062530595
-693853018
1044377119
-1612848548
-631455879
1792923868
-1561018515
-277630484
-1848901857
-47920551
-562208821
1877645947
-342252193
-111863849
1196386415
-898900134
1520036667
766732085
1981134999
-1362141961
-397805192
1161603551
-200581609
2109668531
-615515521
1457404701
418774527
-276956163
1456398207
-808070369
-672539011
-167798861
-155397842
-92343883
-1476559897
-857736073
1870578172
-9364545
2118020533
-629499298
2029109031
-2026061836
-1175951942
530042703
-36623265
-13836167
1342111290
-101524153
-407409090
1978604467
-1166966467
208919353
-1413769649
-473119123
-970071370
-1305169415
-1862363652
-4721544
-19006111
-1684681865
519536545
-1619018809
-393610369
-214438726
-269064132
-1094813714
397885407
857963486
-99035277
-365011848
-1689798097
-575766670
-424804886
-329265505
1475329822
1711103454
-404197889
-1074176033
-122033767
2080291759
-79959217
-606626785
1034880423
-268462514
-318840795
1050570716
1848631021
2109254330
2141384123
-549847637
-512495635
1735507363
-85741665
-112896009
1834745276
-1884039369
-1174667305
1786750869
-608702565
-919242305
-907018825
-76578884
-1149441030
-516423753
-1650520771
-339223813
923578734
-1200234758
-201335219
-174325899
-1854930987
317321925
-1227556620
1837192532
1577031359
1375551487
-37166115
1423965695
1861045085
-146954403
-42734978
-1502216993
-366145607
-279061602
2130300441
-1463943953
-758245539
-25829958
1788323419
460841983
-696561992
1673493878
-232995917
-1180765235
2030795665
728649567
-856687865
2045114367
-1519257997
-209787992
2108909743
1648119802
-1274030180
1857519553
-1301651601
-1621156243
-137367555
1874833271
702361591
-539689729
-405834113
-22132380
-541141140
-588526806
-997890339
-1097560377
-174523474
-76157058
-877541267
-1295086849
-1053443652
-1113802013
-1483227309
-1569136658
1692399995
-23287558
-370279597
2079251165
-472470177
-449974410
-1718637252
-1106405505
-679706770
2135650172
1037868061
1288469778
396326247
-1386461794
1807212736
-145244609
-546990092
-47221772
-1102717569
-1379930548
-4197547
-2088118914
914357591
-37261481
-1150431961
2112857063
934725327
1743775678
-662766561
-851477288
-1213041
1072293357
-1153959106
-382220817
-90911259
-603989522
-671884322
725399898
644889789
-855775497
-287068882
622459884
-671625638
351655851
970319999
533721335
-187846785
-420090647
-546140548
2146782902
-1342440102
-1129120325
-1359549997
970930887
-550176258
-1469105161
-1355501834
-1044472690
-1230011269
-426967186
-235995267
1925151219
-257710442
-1141917699
1067349471
701327196
-672241000
-605823073
-705747458
-1931625146
1602047063
1256144857
-684998917
-1187220718
-660717713
-356521834
805183899
2138518838
-872591875
-1170434124
-574195754
-302228713
-641018581
-315656306
-1434608065
-1167874410
2027085498
1707470811
-609166890
1507255768
-1628570774
-281196754
1416360263
1070325235
-1313713938
2001618854
1640712748
98295325
-1052379169
2032976360
-403179277
2012954358
-1385759099
-994325442
-2951298
-1384712435
2127489980
2079117157
182899693
-84225170
-1140932623
-36176904
2113261997
788192993
-116065478
-100666436
-64362498
1661854016
-268537911
-81028610
-137122930
-173704853
1870895540
-2085242999
-1362889794
-430981153
1830143615
-684722379
895328205
600655027
1471083327
850852778
-179331108
-1512071724
-1399660125
-1132992522
676679639
-757105822
1985924479
1952561510
-1629528546
-910688401
767224541
-1414628234
-29411009
-281056047
-4342073
1501494237
-307364146
1067392990
-1096552527
-1105215948
-844627987
-145101121
1040181946
-39945761
1744682514
-1411654178
-46797365
-1086546655
2144786340
-1598435410
-606478605
1736088530
-920262373
2133581766
821934411
2000156159
1871637336
-305221778
-38528045
-321975343
-1228494505
-1665265801
31653021
1840873405
2040527046
1056861736
-11211567
308525508
-24323
1698660093
-75657257
-1033235127
1733617253
-882001061
-1636571797
1827634779
-143398338
-1176770827
-189336584
-322114642
2080275455
-738275601
-168104739
-956039682
-671091271
-7113833
0
0
0
0
0
0
0